M = 5; % mass of the chart kg
m = 1; % mass of the pendulum kg
l = 2; % length to pundulum center mass m
theta0 = 180; % deg
g = 9.81; % m/s^2
d = 0.1; %

A = [0 1 0 0; (M*g + g*m)/(M*l) -d 0 0; 0 0 0 1; (g*m)/M 0 0 -d];
B = [0; 1/(M*l); 0; 1/M];
C = [0 0 1 0]; % выход - положение тележки
D = 0;

G = [1.1384   -0.0020   -0.5383   -0.0305;
    0.4422    1.5045    0.3984    0.1334;
   -0.4862   -0.0289    2.7323    0.1181;
   -1.4808   -1.7516   -1.3560    0.6508];
H = [0.7716 1.1374 0.7159 -0.6339];
Q = eye(4).*[0.9469; 1.3019; 1.8248; 0.0001];
R = 0.8277;
N = .001*ones(4,1);